2593432639
617996339
141713635
2537698780
172065747
629637384
1191035363
1914130746
3927894266
1569159255
3025407036
3460590654
4048380408
1492500319
4223074767
2700569014
1609027686
186921828
190694010
1710097499
857250119
335314438
4004202016
3562047180
3204788453
3127481180
832347322
1490194460
4154218660
563290860
1294264619
1300051456
2534602369
441305028
2392370886
523804990
4289785390
2136418763
2435605345
676555478
3641916712
2092292541
1078783714
748767629
3245380586
233823128
1551721271
2684559590
1056700423
1880565461
2053704739
2052445013
2790176190
818492035
772005336
3129229049
580980170
661696815
274179091
2295931816
1040285675
4039308989
3273894809
2298094545
3319413373
2075247954
385194342
3021465773
1588057320
588399045
3947289955
426912030
3679339088
4150668395
3872535898
3168465994
3950923217
1480727415
1995379164
1120858635
1596389337
2725126249
1614963516
1098920929
3148878560
276891875
4266885843
3088351204
407387457
775218576
1301643099
2073522158
2420788724
3748430295
3338403778
3691908942
2802021234
1192470959
766975859
11353279
3969596880
3549962653
2586838570
2692762452
1967585394
2702860727
2359017157
4294263585
3086485235
2918208913
4066045571
2347292433
2135709580
2522314999
2697526897
2344701200
712614779
3379576124
1582875552
2762903742
2992578235
373744029
2065877111
252427170
3769149600
695670295
2651083626
3125522064
4176874575
536876168
1949835084
2903364851
2486539442
1874239077
2578881308
3604095259
2765881501
185999270
1291140222
659653885
3606284202
664474187
1252897633
1605209176
1253013608
319726466
900747203
1897585999
2096283
2066857150
1749047146
86381238
2194567637
40055541
2610685948
35543451
1777930089
2156525470
2723106466
1535145264
1343312429
1024727636
90052646
3139707288
4254106863
3623191794
3530856042
4129380567
3973659207
3602192563
130933187
1755425500
2440546066
2475914444
1924858964
1802151508
3619846026
1365035685
108754573
2794460835
1597889993
835068950
2609029538
3240640411
1578224369
1227448984
3219525753
1527463403
736037050
911448505
2496602134
2275119348
171964674
1864495294
3405744881
248866347
1141159801
2115348343
2110629259
2791813665
2908400708
3569413535
3111012065
1305751182
2716719335
400042774
1383695340
2776162250
2523585501
524486654
1671413339
4279345256
1202659759
1755944385
1970500713
1035195780
3111349480
29362580
4044684512
3340872413
1957868925
1293390549
1483687160
1459829247
3176166616
3192016477
1048460775
111386779
1636453788
1406426740
264474956
789371351
653304459
818662263
3963829097
711606113
2804822411
2230400285
2574572718
1075358476
2234495822
2489433511
892108568
778967924
1687235207
3725177647
2402907250
761560333
2163364305
1584504808
319356580
623156360
1846992265
793428335
3953901114
751621077
1877683362
1222605540
3529872839
1765406545
638270834
100313052
3503623602
629317096
468750344
1940142174
807854150
2926436379
1640884385
3509733361
3561851624
4004920788
3668524183
3628841818
1260157565
1872295210
311996698
2566068154
570607971
3056033689
1700053783
1108604818
3145866429
2415580480
3808732311
2727743264
2279837628
1422627631
4289565833
4206503049
4255854634
2286398458
3445670129
23111586
3382983858
2438548584
3391754647
2277415234
3257586251
2749371102
990112037
2565892559
552847141
2105038095
1766901640
3069480810
4065834050
1102329805
1707208755
221465488
3523716274
3648370329
581904196
227914322
2302931763
3616282015
1499462486
4009902055
1803032849
1050657570
2566628563
1299697731
2392262265
3679058939
2741875709
2075836854
1045869755
529725966
3028896849
2564105191
1478842070
3395161869
230423650
1400121860
1464632725
2791396305
2130721748
951880451
2458542145
2077013171
1152310975
2021904167
2114401619
3107590312
3553125196
1936941573
1145638468
2838813507
3120962091
1559096367
1738364390
2089775189
2238145954
3831809881
44337306
3428260180
4217787954
2548889361
185310450
190505151
2437493870
972969755
2398514888
1794842041
1580149801
604738102
2544656982
928964033
4073675847
4214305532
2294476031
39863315
4231359810
1096451356
3786824732
1167122642
508852056
1409137394
1300539515
1453135126
3311981610
1293950476
658446257
135478601
2633977718
585772702
3495347754
548170464
1942497608
3096409605
3670563955
1784182722
3940437477
1050019972
2056345506
631243508
2046064950
2863690853
1763343486
3492030359
1217046043
3764919918
3556729099
2828280770
1706670139
3036618985
1485017185
2775816605
1934689068
3565815497
3465933876
2835862483
110535901
1985324242
3694854960
1726038045
3483958347
1247183002
3497281794
2885947403
118064258
1576354469
3422125443
3319362111
136120591
700832744
1779463887
1362775277
744976729
2327503209
1923632914
3857869646
2281339779
829528386
1181294350
3149858224
1553319801
3233751833
648704723
3334499681
2000818458
3529359931
779719280
2376413692
2565360563
2035114406
1093881584
3224495096
3043237050
4078910478
2327595894
821803295
3812575824
988011866
2206944798
3732973207
2314532558
3703463032
2314226505
4123623687
2708941289
173219807
1068781327
1459711506
1055556540
4239529473
2111557029
1153188009
3603420445
721391274
734205436
343679460
2966739190
1707536061
437921548
951214152
1999417470
3424982573
4116336296
4066449333
3239128880
569002490
2609303478
4164996778
4242396230
1686358420
764420647
1099578882
931707071
1050757618
3354396041
3032787101
2382893439
3327926435
4025006516
1674498205
1110590581
2532302624
371973228
2271287829
39236577
1685386536
730962891
1560471925
1092996439
255608186
887915635
2123952577
2753363145
1139077442
3162115371
237583747
3814573122
3499570928
2524558948
560501440
3923262591
1337392579
2365065114
3788016579
3773170423
886958155
3867445199
2506394189
3979581900
3836156259
3393025156
844736985
3361750983
3591190281
1770576591
253202132
3656031822
4259816043
1707739441
1539430993
536349611
1916616136
116233013
2808535938
1730949667
4094871240
2779974486
4160123408
1881992653
3272992272
2832754186
3754518292
571251384
2321756693
3179522723
1959718663
2730020023
113643611
3500087950
2043986587
3790899323
3058509408
396286933
2749990113
389867019
893650897
1842010630
1314441904
709593090
4240763263
1479364023
2773321916
3773512895
1547124879
2397749236
2381104865
1140443094
3844928623
3484056727
2850711983
3117601175
1663246989
1759062712
20981636
2699870811
4034985174
461925364
2233029784
2532036316
2420991558
1540171834
3960276462
3082079567
38518143
2158180696
414029572
1271805223
2795908687
2409495357
1252129813
631334534
1391523956
1568513110
2673874211
3701461327
3532483587
286588257
4225613319
3068961655
1027191837
197130669
1572835049
730110192
2928653514
3009121920
194404106
3240563467
1429633283
307399751
4198233109
53722730
4070298943
3050035665
1310715104
2014929077
3276538094
156594228
3634057032
1738445001
1925607144
3854302887
2696032070
1333628428
2334279636
2956780281
2370827728
1811668358
1111168722
3366526410
201463436
945640730
1469330163
2532379009
1369976690
2175783293
1088290140
1425358867
346760626
3728487988
1248140873
2448873114
819035901
3895221560
3562747554
2143076415
4000098069
1694465354
2810796572
192613635
905491303
3117776081
930125210
3113000843
3932095712
1477126316
1294504593
3434184269
1596300302
2092820125
1713237263
3402160133
224450515
3935558430
3416364345
3424093384
1193450995
3348688854
3214177082
1965307404
734358007
1047891141
865042113
3615454737
3957945764
3904048310
418852264
4224993279
845845719
2447558508
2549611988
2007376123
4229785242
2779380111
3045436341
3408986588
2755659326
725516830
24587515
1088641864
3995565349
3296146540
1577650192
2823587337
1095582548
1122719087
1894167447
4113594961
3045331445
357348622
2906819686
470718712
3688303205
422773026
474051848
91459806
2366714510
1861983440
2776420705
1998529681
2216157516
3854629378
2115227734
741993125
1433321248
3204697936
2323237665
3257187019
597414984
1904499048
3254082919
296924391
3789190379
1077588265
3202479611
1084358832
2883040823
1603764193
2537877745
4178416556
1187575962
312145630
297573717
1985049711
2766978031
1233382424
3621722183
3060235306
4110914366
3742729261
36941792
1214035167
3948723432
3397977655
619939952
3176629455
1234731488
3203674311
3404432889
3139435723
1645713565
2568435359
3213139207
2615860700
167839942
4031855297
1068747049
1946371218
244520610
1684445323
3833448020
4121395093
2307956535
849282209
2906598846
239438763
1870999912
1068046340
4293858354
3223182689
604846080
3909116171
3056657642
3974396292
756817358
2171895616
391423150
3032887532
503758397
80435310
1451615499
1229249851
531024570
2927791481
263042585
3497329293
1421181194
405786682
2632429691
3611122949
2166298901
916987643
3720871925
3140496919
1111113397
2314571238
4051085920
280311327
2538018545
1546022643
2542804648
4043609201
3836363140
948149283
3747341584
1955427627
2791214000
1700152158
696993746
1923832700
2475156934
572185016
3333947472
2806564685
422544168
28508086
3621505583
4210817655
3417926512
3328262353
3954860824
42754397
2762733156
2481048752
152329531
2120602595
2541763719
1585903448
3616823451
4011556432
2482120739
2339042142
714860273
3416899486
3584918
3625447150
2668045143
1326948308
2216560545
719091548
136085413
2609809382
1506481490
3641157351
3451347532
3847148845
423697881
2140251504
1393152893
3466830048
4031231890
3412664434
743415231
1902386262
391649953
3606918626
86002319
2075312780
3372411329
