941668654
140750233
1564876895
707449059
931119731
142687638
1880665778
1663207855
939893136
594052528
586440153
96318863
1875560151
327009692
296248488
1759998582
1554618079
388600239
1582438234
1936243517
2036516700
764037963
292385826
409065297
2000148110
1613030232
1589081354
1531716515
1106081082
907225154
671261827
2047749586
1047975291
88655002
607714944
1979094944
231342544
340896996
1494819071
1171235531
934949452
2081259111
1267554352
663025823
260785035
1563802697
275540702
1815403070
1952402845
1857978847
1604162815
1841435825
474533082
1896548561
103017333
327197467
1362095048
1692098620
1858913848
320692395
451840073
382691993
220958273
1499815257
471346856
828673067
1331426457
702689328
1169570009
678761803
1873924763
2104519383
612537186
993995317
620061487
873322109
410314325
895602057
541241411
215233379
606097200
2145404182
2056669112
1080630193
1894468970
12202725
1407827580
1109080291
1704301203
1119257702
1429772589
8657561
1501949562
1650730774
1508472765
1973296384
331920134
692415468
528501924
1501489993
1371177175
254942968
1458525675
1983714283
1248938189
2078587084
709552664
1659252364
826705421
1250793963
1874485701
1432802489
1248714377
1783671023
365948978
995699656
1795873656
1773776470
2104779822
1352691140
745550444
1387068683
1361348559
100016280
890315712
722337610
2073312530
1222235758
1414753025
