2675896557
418132278
1969272012
191052999
945559293
2981256866
1522585250
2908301394
302705338
1393000406
3557529631
1613965820
1976353955
2564319672
97213482
3157513311
1706886248
2859967262
3420137019
2831614463
4015847712
1391104004
2868758193
2570821018
3571775831
265775961
31584131
2027562237
3870485573
566821170
840599214
231520150
3322350286
885460794
2317957123
731673473
274089902
434285702
238148262
911424072
399592371
3945483939
3198367493
797685494
3032482401
3168803370
602930318
3389377884
1591966074
1449367342
3990925616
1336664608
1623796473
4002061262
1998423278
3640320074
647761737
3953991244
4192538432
3372321118
319794231
1216195833
3516084717
3312149593
1452727370
1400791051
428202017
28117186
4245265356
2903040617
1754666704
3983221421
148117108
1529375240
2276835072
458824338
1143562533
663866453
3922548937
3793844182
372780525
21955502
2470453370
4171212373
1575683902
1915821847
4024252155
1879667266
1821006473
3541604708
2543410780
3274991687
1634510862
447657257
1877306612
872017081
172898456
3126796244
124914315
830314494
3842074755
4229213573
1023106932
3242462984
528229489
3159779051
27506012
586488768
3809414280
906148555
3708691970
689220702
279813192
3248180585
815567656
2610876064
1924227184
3461330048
2457452699
429116849
4009368975
2846381009
4096307397
2633127543
527924771
1199925693
268626119
3031137414
2178743704
20868327
2598424697
4142386745
4009629044
788028560
1767064975
1589438046
2363117827
1927245431
812608277
203064164
4142110855
2296145111
3147544379
2801419913
726833616
487601108
1310076112
3496161489
1091185536
1821339104
2389286949
160235433
4257902810
2060412137
3968800712
2345487582
3684721225
2613410688
674325499
3496077841
1487939918
1958554674
4046377694
2590291886
2697156727
2498831964
2932294859
2805083616
2731655432
2039550580
4141102818
1353523531
4224511663
4115171852
3638081796
2513435236
301968167
470163999
781879142
899518332
758408078
2596455937
3101925166
1110284326
281865392
4059260005
3246464031
3640814508
414180565
176519535
2576593585
2764819122
1948220195
922689516
2912202443
965682106
3400669047
3320351522
3241853983
549647096
3151694244
2111279704
3330437814
2357372801
2423946869
262665059
3815131621
2424469700
1385068361
56137476
4238188747
833765875
3561380311
3812420119
3869387126
1626752818
379618313
3476376224
3333604582
1799407270
2267473801
1693493884
1510852999
2788987137
3106423685
2991353316
2703215913
1419794351
365581839
4244989046
2911510852
4070457637
3917709411
1197609190
3772681825
2000348370
124862176
4118074241
2845086856
3145304591
406464275
147111783
1187080922
57349330
2066232466
1639597306
1792406460
4243166830
639047624
1216766584
1765270767
1480954003
32371104
4195276928
2273036946
3888087381
636237738
2022411883
1198254997
1379174688
2552494428
310942041
2956265474
1355786872
1908495399
1902066886
948180972
3586379931
4165543213
3572582348
1000236490
381243280
572755174
1795131394
161630764
975704830
1283861272
1101293887
2806801380
2266016274
2446157256
885036987
4253831760
3115011763
3562919844
1382902677
2071844552
552075298
4085118226
3656676572
4143394718
2950479329
460726226
2757164252
2146444527
2699473285
3454375103
3799425135
1438956690
1630824360
393669418
1936647835
1293378609
1529932914
1498380749
2749117085
1620141766
3920252359
3133381687
568961969
1290552411
1751994894
1152318791
3555347820
2617531781
2452351238
2919888970
895129434
3280211032
3070799835
395339329
3014000567
3083185594
3111949062
2308267663
3476932633
273319131
853100496
3510957193
2750904145
1244893639
2352259752
3359632000
2206566762
3127768587
1300674762
3445443970
2382903834
1721500153
1611915097
1365352690
2221095424
2155228228
1012906446
3338149897
589655993
2683700016
1491621190
1040322535
1717914528
2556501416
1647710691
3000488211
3664250818
3428048532
2122156225
2140327633
4003569298
660882375
267237633
216883560
3507878167
102574105
564765966
3181631195
762030217
2322749371
1140861629
804069238
1138601279
1959670292
799619949
1935567345
1197168935
114618372
180211165
4027490838
1444916813
3814152734
684878411
87487757
689812106
1820288669
2594600424
2690696240
2443132248
3112051966
3277649679
92566342
553623931
2154048201
955961341
229327315
3129808585
2838132266
3021103859
4007104608
3116310418
2046295916
2739931553
2217434251
1947100109
49293675
1184273461
2257557534
2673003341
1845800049
4016299202
300819596
483737434
2615212872
2265653958
3711562593
1048892682
2493444662
947087345
1221511808
4113837947
1476617274
2650043943
4136307459
1497306049
3874489702
712220181
410931859
995514803
907513728
3560290742
1720830542
1342756571
2893544544
1846190933
2307504536
3933795485
604364636
3570820665
1531995376
3558432673
1052360031
2806767048
3309669839
3043066823
3233794380
1243492210
1773181806
1724865755
708037936
2161695613
3891486522
475941276
3200231592
2753359097
2280471183
570452904
984788464
2069567320
50118876
3593749581
2277723558
358006487
2855334130
4098315700
2170213969
740488827
3768346644
552709548
2529538533
2646431763
794275919
1624861361
242703281
2966060373
1422979034
3388941843
3883309016
3077167743
813040403
3108692146
3560422833
2548447014
1021900844
2679686021
4054557299
2875349375
1216589517
3019508957
2945495560
1672277456
1959825209
1836037679
1226811869
209051200
3343638889
2142330238
3472213019
3884990470
323338832
1096305603
3407989683
2355905734
2799948627
1201873979
2541986885
3336827843
2392354749
3098915413
1190818471
1710591249
2259667844
4054467445
9507605
1484150279
1321207844
2317097575
3057681763
3098432123
626583754
2663367751
2870833827
1624998888
4161874265
2566182303
3908425965
2999401222
1689172754
2884519267
2025630595
705432604
1985635395
759039520
998523615
2390604639
3392108275
4114620572
3804200969
3949556197
960757772
1763783962
2771982170
382505497
2593863268
1234389131
4012715900
1609046000
1948335182
2598411205
1275601678
2966824843
3467930245
547345823
4199232320
1163282176
2687005757
701407128
1681226247
806768427
3178585714
1896190043
2439699929
346169048
190992504
3161059525
2350523109
2630848485
3818131937
3568356672
1135774495
4255291162
1905952466
752120489
1892854529
1184979336
2159883948
1267642620
3533535560
604484677
3741848377
157509564
1439735498
2153012332
1143351767
87533076
430486394
3219904108
3526682832
4199368942
3840669154
1269767553
1708699643
2299444016
984144976
3453240709
1771298631
1860433080
1911501912
2952661232
1126430074
594371170
3127722071
3305476200
162188191
3541935731
1825105881
1977339019
3652078803
3043542248
1015311589
1508697746
1718806969
1119748604
2573956696
2667059358
298204607
2887937887
834429413
2457933452
2405906748
2600712128
2203621749
365086620
4055940803
1137535900
580460467
4263387540
212710612
2125657822
2200897891
3148928908
3513260134
714118432
2279422917
4232658128
533013426
248467528
1240473070
3973059498
1131587027
4022230303
993550275
1350132250
2026322402
3122026280
1870274598
2233760190
1233905551
2173715506
2108592913
514210652
4125694935
2930890911
2242602241
2551667709
3853681687
690417940
4079189894
3412254632
4043967698
2386654558
3779796736
440881156
2984743543
2090989549
4193943924
2801809802
614985201
126898392
2207162353
3157926389
4237299579
3228221925
2133492611
3499023222
4140722548
2645636210
1975217178
4294558955
4087313954
4012224192
2361257355
1993917063
1250707106
2577654574
942561675
3758775302
2929520333
3339144066
547769405
2866225148
969042666
3691965069
3990082918
3052301084
270898383
3865592296
3376973234
1400528724
4253824885
2954342539
4270506389
2542024497
4007947908
3598136986
2214773528
3066442934
678019751
2432418757
469142547
151472000
3505066830
2555102239
2505928359
1580589401
1671578816
3337175749
3629555519
2748241282
2149640629
1186906393
2414086397
987851075
1114908794
412086768
3086817235
829491377
1919721785
442956531
999569694
699190026
620980956
4146426149
1931909782
2805648218
1557932086
3123960210
2834485724
53990280
761357051
2071803968
400128828
2244200118
3434460285
2561340713
3214299297
2605821002
598338415
2235587199
3592005985
3730452493
1078345404
3960584778
1615144663
4287256348
3036048029
2331976865
1880880045
850775416
401721117
3605876335
3179744296
2908430938
3732689497
1633658513
4181525193
616565796
2822461769
4017964400
1343440682
665185569
1548577766
74749093
3686597401
1810179054
559770349
1437276082
4006957481
978674916
1081411023
2238490207
157471593
1120362780
1530795689
1602782267
2272935260
311475727
1954314166
2103086891
3216615867
3816089746
1399920667
3728508817
3773651999
3152699051
1389291434
3113370961
1912029335
27639125
3175920652
4265766246
1354370981
3973850768
1628122039
602870388
1724721622
104225267
1415988764
2338994869
369300280
2660927748
1765868482
4291195520
4121156632
900961649
645170420
2114027498
3658858719
1102816897
1665183474
1891556513
3432177093
542014592
2484277595
3042349993
2174098504
283883249
344691044
1725642990
2500814290
3948699935
2500262206
394471313
390209819
1251156263
3337522306
2894208301
285886503
2716104824
2580870189
2434675381
3343846919
758516570
1157932961
1383666897
2752468756
2017716627
1008086112
710003346
117979877
3939999654
751596350
633961897
214858801
3505967853
3792609616
2935758146
35732456
1069534013
141703296
996986201
1385355555
3873040166
1170077016
3981736466
1892564035
1620382584
1180685202
2969553492
3239607673
169028933
3263603204
4082695547
1950157922
741250187
912575688
1110369092
2833348284
1695681662
1254953984
357347937
3424785474
1588066654
3303829026
1880437628
2095453331
3857817904
3768353190
3105005929
858986748
3280586593
3342970315
2364771167
1420756484
1471574202
1747989257
1832817964
1689611101
370611295
3625096738
61137865
781169693
2661624078
1611125684
1364737256
3413591612
1438830632
3737115855
1971970094
1879291807
1634142333
1614740032
2424965537
1257195820
2491930930
4099249243
3646463999
2747311220
708688924
2802722028
2524457869
3925710265
3260911608
4069558361
2448259351
1088274852
867523795
3446797155
2838925322
3761217704
179561846
2131287767
2832185909
1203636264
1793097049
3917813681
3258062561
2944089941
3409933718
1257746586
1859878785
2479158086
1271826940
1069525778
3070100745
233929345
1283969173
1586959666
1567255365
4257551212
3340569771
2220686980
1947574808
730163174
1404439793
2583573017
3934406942
4069275654
1982884104
1181722442
1191054342
691887439
3548257535
2235508516
102123898
1519153898
1835443153
2760902992
931780666
4132829761
3593856670
613439530
61431564
3519108411
3157170153
3304054619
2035729871
444031250
3018842765
4205044094
2637690055
3232038605
2404709821
1348640853
3619685066
2735313316
2238451842
3025506160
1190764145
4022054046
3717043172
3438053284
3969929233
3781506762
809815282
3430983206
4226960684
3689736322
3179383532
1383115196
4073769891
1398917832
1228896915
3828998514
3459113120
2872562634
1644046926
1626991177
3604227964
1568924286
756952569
2001090283
810650634
3256077317
2657686340
622236082
985292884
2282672614
3515118794
3089558335
3213551193
206273770
3008601114
484377755
3571790000
612704697
2836656378
